# Elapsed time   CPU (%)     Real (MB)   Virtual (MB)
       0.000        0.000        9.363       20.617
       0.008      125.700       22.387      159.340
       0.016       96.200       27.578      448.066
       0.027      281.700       29.770      450.070
       0.037      380.900       31.449      427.512
       0.048        0.000       32.801      428.480
       0.056      120.300       34.746      430.512
       0.065      127.900       39.402      437.195
       0.072      133.200       42.668      439.562
       0.080      136.500       44.750      441.023
       0.087        0.000       46.223      444.418
       0.095      139.300       49.234      453.371
       0.102        0.000       51.066      455.250
       0.109      132.000       52.613      456.703
       0.117      114.900       53.645      457.953
       0.125      118.600       53.137      457.230
       0.134      118.900       53.137      457.230
       0.142        0.000       54.754      463.207
       0.150      124.200       56.160      464.395
       0.158      115.600       56.418      464.645
       0.167      124.900       56.418      464.785
       0.175      131.500       56.672      465.035
       0.182        0.000       56.672      465.035
       0.190      128.900       56.672      465.035
       0.198      140.900       58.488      466.762
       0.205        0.000       59.496      468.031
       0.212      137.300       59.496      468.031
       0.219      146.900       59.754      468.031
       0.226        0.000       59.754      468.031
       0.233      145.700       59.754      468.281
       0.240      145.600       60.012      468.281
       0.247      142.000       60.281      468.684
       0.254        0.000       60.535      468.684
       0.261      140.000       60.754      471.270
       0.268      144.400       60.754      471.270
       0.275      137.600       62.461      472.859
       0.282        0.000       63.293      473.758
       0.289      136.600       63.293      473.758
       0.297      136.300       63.551      473.898
       0.304        0.000       63.691      474.293
       0.311      143.300       63.691      474.293
       0.318      143.300       64.457      475.055
       0.325      142.500       64.457      475.055
       0.332      137.900       64.773      475.305
       0.339      140.400       64.773      475.305
       0.347        0.000       64.773      475.305
       0.354      138.900       65.027      475.562
       0.361      141.200       65.285      475.941
       0.368        0.000       65.543      475.941
       0.375      137.000       65.543      475.941
       0.382      135.000       65.543      475.941
       0.390        0.000       65.543      476.191
       0.397      134.100       65.801      476.332
       0.404      138.000       66.117      476.582
       0.412        0.000       66.117      476.582
       0.419      143.000       66.117      476.582
       0.426      142.900       66.117      476.582
       0.433        0.000       66.371      476.969
       0.440      142.400       66.371      476.969
       0.447      274.900       68.781      486.699
       0.455        0.000       72.758      494.375
       0.462      138.700       76.109      500.945
       0.469        0.000       79.605      511.246
       0.476      137.900       84.340      513.160
       0.483        0.000       85.910      513.684
       0.491      130.200       86.168      513.684
       0.498      128.900       86.676      514.391
       0.506      133.200       88.539      516.535
       0.514      113.100       91.023      523.359
       0.523      120.500       93.344      523.359
       0.531        0.000       95.406      523.359
       0.538        0.000       96.746      523.359
       0.545      138.400       96.746      523.492
       0.552      281.100      100.402      529.445
       0.559      124.700      120.477     1180.992
       0.567      184.100      141.672     1180.992
       0.578      100.200      153.789     1180.992
       0.588      196.800      174.152     1180.992
       0.598      238.100      196.836     1180.992
       0.607      122.300      222.102     1180.992
       0.615      235.100      248.656     1180.992
       0.624      509.800      267.992     1180.992
       0.633      240.300      281.141     1180.992
       0.642      472.100      281.141     1180.992
       0.652      679.400      281.141     1180.992
       0.663      498.300      281.141     1180.992
       0.673      719.700      281.141     1180.992
       0.684      718.200      281.141     1180.992
       0.699      739.400      281.141     1180.992
       0.714       98.600      282.145     1326.938
       0.724       86.300      282.145     1326.938
       0.736       98.500      284.102     1327.598
       0.746      106.300      285.426     1328.371
       0.755       98.400      286.457     1329.566
       0.765      128.100      287.488     1330.789
       0.773      117.100      288.004     1331.789
       0.782       94.700      289.301     1332.418
       0.792       95.700      296.121     1372.438
       0.803       93.000      298.242     1372.938
       0.813        0.000      299.949     1374.324
       0.822      136.300      299.949     1374.324
       0.829      137.700      301.242     1374.324
       0.836        0.000      313.414     1386.477
       0.843      134.200      314.055     1386.477
       0.851      138.900      314.055     1386.477
       0.858        0.000      314.055     1386.477
       0.865      131.300      314.055     1386.477
       0.873      138.900      314.055     1386.477
       0.880        0.000      314.055     1386.477
       0.887      146.500      314.055     1386.477
       0.894      140.100      314.055     1386.477
       0.901        0.000      314.055     1386.477
       0.908      137.300      314.055     1386.477
       0.915      115.100      314.055     1386.477
       0.924      125.700      314.055     1386.477
       0.932       91.700      302.672     1374.613
       0.943       94.600      123.961     1368.680
       0.954      102.000      123.961     1195.172
       0.963      125.700      123.961     1195.172
       0.971      113.200      126.344     1003.172
       0.980        0.000        0.586        2.559
